
                  mean       std    median      5.0%     95.0%     n_eff     r_hat
          D0      0.20      0.21      0.13      0.00      0.45   1242.76      1.00
          E0     47.40     46.27     34.39      0.23    107.23    822.19      1.00
          H0      2.33      2.39      1.62      0.01      5.22    942.46      1.00
          I0      7.25      5.03      6.30      0.09     13.91   1037.28      1.00
     beta[0]      1.21      1.21      0.82      0.00      2.70    690.03      1.00
     beta[1]      1.23      1.28      0.81      0.00      2.81    671.04      1.00
       beta0      1.19      1.16      0.83      0.00      2.68    720.42      1.00
  death_prob      0.10      0.03      0.09      0.05      0.15   1308.58      1.00
  death_rate      0.09      0.03      0.09      0.05      0.13   1194.34      1.00
    det_prob      0.27      0.06      0.27      0.16      0.37    980.17      1.00
  det_prob_d      0.90      0.03      0.90      0.85      0.95   1002.40      1.00
       gamma      0.49      0.19      0.46      0.20      0.77   1005.44      1.00
       sigma      0.20      0.10      0.18      0.06      0.35    874.90      1.00

Number of divergences: 0
