
                  mean       std    median      5.0%     95.0%     n_eff     r_hat
          D0      0.25      0.25      0.19      0.00      0.56   1635.46      1.00
          E0     93.63    199.45     45.52      0.14    205.30    767.12      1.00
          H0      6.84      7.67      4.46      0.01     15.88    997.90      1.00
          I0      4.40      4.59      3.08      0.01      9.79    974.97      1.00
     beta[0]      1.41      1.43      0.93      0.00      3.29    980.78      1.00
       beta0      1.40      1.37      0.94      0.00      3.29    979.47      1.00
  death_prob      0.10      0.03      0.10      0.05      0.15    520.83      1.00
  death_rate      0.09      0.03      0.09      0.04      0.13    897.65      1.00
    det_prob      0.27      0.06      0.27      0.16      0.36   1679.61      1.00
  det_prob_d      0.90      0.03      0.90      0.85      0.95   1849.14      1.00
       gamma      0.50      0.18      0.48      0.21      0.75   1223.19      1.00
       sigma      0.20      0.10      0.18      0.04      0.35   1374.42      1.00

Number of divergences: 0
