
                  mean       std    median      5.0%     95.0%     n_eff     r_hat
          D0      0.44      0.36      0.34      0.00      0.96   1314.50      1.00
          E0      8.71     11.59      5.35      0.03     20.66    889.88      1.00
          H0      3.04      2.92      2.18      0.01      6.89    971.92      1.00
          I0      1.56      1.71      1.02      0.00      3.56   1078.58      1.00
     beta[0]      0.99      1.08      0.65      0.00      2.36    488.11      1.00
     beta[1]      1.00      1.06      0.66      0.00      2.37    475.84      1.00
     beta[2]      1.03      1.13      0.68      0.00      2.43    495.55      1.00
       beta0      1.00      1.07      0.67      0.00      2.42    503.42      1.00
  death_prob      0.10      0.03      0.10      0.05      0.14    767.12      1.00
  death_rate      0.09      0.03      0.09      0.04      0.13   1107.08      1.00
    det_prob      0.27      0.06      0.27      0.17      0.37    887.52      1.00
  det_prob_d      0.90      0.03      0.90      0.85      0.95    851.60      1.00
       gamma      0.50      0.18      0.48      0.19      0.77   1017.43      1.00
       sigma      0.19      0.10      0.18      0.04      0.34    984.07      1.01

Number of divergences: 0
