----------------  -------------  --------------  ----------------
     1.78e+06          0.929648       0.0703518       0
     1.78e+06          0.916037       0.129921        0.00583319
     1.78e+06          0.947238       0.183593        0.0166055
     1.78e+06          1.01576        0.235011        0.0318281
     1.78e+06          1.11731        0.286985        0.0513139
     1.78e+06          1.24997        0.341794        0.0751092
     1.78e+06          1.41366        0.401393        0.103449
     1.78e+06          1.6097         0.467565        0.13673
     1.78e+06          1.84067        0.542042        0.175498
     1.78e+06          2.11021        0.626593        0.220441
     1.78e+06          2.42304        0.723097        0.272395
     1.78e+06          2.78491        0.833607        0.33235
     1.78e+06          3.20267        0.960412        0.401468
     1.77999e+06       3.68439        1.10609         0.481101
     1.77999e+06       4.23947        1.27358         0.572812
     1.77999e+06       4.8788         1.46624         0.678411
     1.77999e+06       5.61498        1.6879          0.799983
     1.77999e+06       6.46255        1.94297         0.939935
     1.77999e+06       7.43827        2.23652         1.10104
     1.77999e+06       8.56145        2.57438         1.28648
     1.77999e+06       9.85433        2.96324         1.49993
     1.77998e+06      11.3425         3.41081         1.74562
     1.77998e+06      13.0555         3.92597         2.02843
     1.77998e+06      15.0272         4.51893         2.35395
     1.77997e+06      17.2967         5.20144         2.72864
     1.77997e+06      19.909          5.98702         3.15991
     1.77997e+06      22.9159         6.89124         3.65632
     1.77996e+06      26.3768         7.93203         4.22771
     1.77996e+06      30.3604         9.13            4.88539
     1.77995e+06      34.9457        10.5089          5.6424
     1.77994e+06      40.2234        12.096           6.51374
     1.77993e+06      46.2982        13.9229          7.51668
     1.77992e+06      53.2904        16.0256          8.67109
     1.77991e+06      61.3386        18.446           9.99985
     1.7799e+06       70.6022        21.2318         11.5293
     1.77988e+06      81.2648        24.4384         13.2897
     1.77986e+06      93.5375        28.1292         15.316
     1.77984e+06     107.664         32.3774         17.6483
     1.77982e+06     123.923         37.2672         20.3329
     1.77979e+06     142.637         42.8954         23.4229
     1.77976e+06     164.177         49.3735         26.9795
     1.77972e+06     188.97          56.8299         31.0733
     1.77968e+06     217.506         65.4122         35.7853
     1.77963e+06     250.351         75.2905         41.209
     1.77958e+06     288.154         86.6605         47.4516
     1.77951e+06     331.665         99.7472         54.6371
     1.77944e+06     381.744        114.81           62.9076
     1.77936e+06     439.382        132.147          72.427
     1.77926e+06     505.719        152.101          83.3839
     1.77915e+06     582.068        175.068          95.9953
     1.77902e+06     669.939        201.502         110.511
     1.77887e+06     771.067        231.926         127.218
     1.7787e+06      887.452        266.942         146.448
     1.7785e+06     1021.39         307.242         168.582
     1.77828e+06    1175.53         353.624         194.057
     1.77802e+06    1352.91         407.004         223.377
     1.77772e+06    1557.03         468.437         257.124
     1.77737e+06    1791.9          539.136         295.964
     1.77698e+06    2062.15         620.497         340.666
     1.77652e+06    2373.1          714.125         392.115
     1.776e+06      2730.84         821.865         451.326
     1.77539e+06    3142.4          945.84          519.471
     1.7747e+06     3615.84        1088.49          597.895
     1.7739e+06     4160.4         1252.62          688.146
     1.77298e+06    4786.7         1441.45          792.007
     1.77192e+06    5506.93        1658.69          911.524
     1.77071e+06    6335.06        1908.58         1049.05
     1.76931e+06    7287.1         2196.01         1207.3
     1.7677e+06     8381.39        2526.59         1389.38
     1.76586e+06    9638.92        2906.74         1598.87
     1.76373e+06   11083.7         3343.85         1839.89
     1.76129e+06   12743.1         3846.35         2117.14
     1.75849e+06   14648.5         4423.93         2436.06
     1.75527e+06   16835.4         5087.67         2802.87
     1.75158e+06   19344.4         5850.23         3224.71
     1.74734e+06   22221.6         6726.07         3709.78
     1.74248e+06   25519           7731.71         4267.47
     1.73691e+06   29295.6         8885.94         4908.54
     1.73053e+06   33617.9        10210.2          5645.31
     1.72322e+06   38560.5        11728.7          6491.88
     1.71486e+06   44206.7        13469            7464.36
     1.70531e+06   50649.4        15462.2          8581.14
     1.6944e+06    57991.5        17743.5          9863.18
     1.68197e+06   66345.9        20352.1         11334.4
     1.66781e+06   75836          23332.1         13021.9
     1.65172e+06   86594.9        26732.8         14956.4
     1.63345e+06   98764.6        30608.3         17173
     1.61278e+06  112494          35018.7         19710.8
     1.58942e+06  127938          40029.3         22614.4
     1.5631e+06   145251          45711           25933.4
     1.53355e+06  164584          52139.6         29723.5
     1.50048e+06  186075          59395.2         34046.7
     1.46362e+06  209843          67561.2         38971.4
     1.42273e+06  235978          76722.2         44573.2
     1.37758e+06  264521          86962.3         50934.6
     1.32804e+06  295458          98361.3         58145
     1.27401e+06  328697         110992           66300.6
     1.21553e+06  364056         124913           75503.5
     1.15273e+06  401241         140168           85860.6
     1.08591e+06  439838         156774           97482.6
     1.0155e+06   479304         174719          110481
942115            518965         193952          124968
866543            558027         214381          141050
789711            595601         235863          158825
712675            630735         258208          178381
636568            662469         281173          199791
562542            689889         304465          223104
491706            712190         327755          248349
425053            728740         350684          275524
363404            739120         372875          304601
307362            743164         393957          335518
257282            740961         413575          368183
213274            732841         431411          402474
175221            719338         447198          438244
142813            701139         460725          475323
115600            679025         471851          513524
 93040.7          653814         480498          552647
 74551.1          626307         486655          592488
 59546            597250         490366          632838
 47469.6          567309         491725          673497
 37815.7          537051         490865          714268
 30138.6          506946         487947          754968
 24056.4          477364         483154          795426
 19249.3          448587         476677          835486
 15454.4          420823         468712          875010
 12458.5          394214         459455          913873
 10091.1          368847         449093          951968
  8216.8          344773         437806          989205
  6728.99         322005         425761               1.02551e+06
  5544.09         300536         413112               1.06081e+06
  4596.84         280340         400003               1.09506e+06
  3836.36         261378         386559               1.12823e+06
  3223.03         243603         372896               1.16028e+06
  2725.96         226962         359116               1.1912e+06
  2321.09         211400         345307               1.22097e+06
  1989.6          196859         331548               1.2496e+06
  1716.78         183283         317907               1.27709e+06
  1491.06         170614         304443               1.30345e+06
  1303.31         158799         291203               1.32869e+06
  1146.35         147784         278230               1.35284e+06
  1014.43         137519         265557               1.37591e+06
   903.019        127956         253213               1.39793e+06
   808.45         119048         241220               1.41892e+06
   727.795        110754         229595               1.43892e+06
   658.686        103031         218350               1.45796e+06
   599.202         95842.3       207494               1.47606e+06
   547.781         89151         197032               1.49327e+06
   503.143         82923.7       186967               1.50961e+06
   464.236         77128.8       177299               1.52511e+06
   430.195         71736.7       168024               1.53981e+06
   400.299         66719.8       159139               1.55374e+06
   373.953         62052.3       150638               1.56694e+06
   350.655         57710.1       142514               1.57943e+06
   329.987         53670.8       134757               1.59124e+06
   311.595         49913.3       127360               1.60242e+06
   295.182         46418.2       120311               1.61298e+06
   280.494         43167.3       113601               1.62295e+06
   267.316         40143.6       107219               1.63237e+06
   255.462         37331.3       101153               1.64126e+06
   244.774         34715.7        95392.4             1.64965e+06
   235.117         32283          89925.3             1.65756e+06
   226.373         30020.6        84740.3             1.66501e+06
   218.439         27916.5        79826.1             1.67204e+06
   211.227         25959.8        75171.4             1.67866e+06
   204.66          24140          70764.9             1.68489e+06
   198.671         22447.7        66595.7             1.69076e+06
   193.199         20873.9        62653.2             1.69628e+06
   188.192         19410.4        58926.9             1.70147e+06
   183.606         18049.5        55406.5             1.70636e+06
   179.398         16783.9        52082.3             1.71095e+06
   175.534         15606.9        48944.7             1.71527e+06
   171.981         14512.5        45984.5             1.71933e+06
   168.71          13494.8        43192.7             1.72314e+06
   165.696         12548.4        40560.7             1.72673e+06
   162.917         11668.4        38080.5             1.73009e+06
   160.351         10850.1        35743.9             1.73325e+06
   157.98          10089.1        33543.6             1.73621e+06
   155.789          9381.54       31472.1             1.73899e+06
   153.761          8723.56       29522.6             1.7416e+06
   151.883          8111.72       27688.5             1.74405e+06
   150.144          7542.78       25963.4             1.74634e+06
   148.532          7013.75       24341.3             1.7485e+06
   147.037          6521.81       22816.5             1.75051e+06
   145.649          6064.38       21383.5             1.75241e+06
   144.361          5639.03       20037.1             1.75418e+06
   143.165          5243.51       18772.5             1.75584e+06
   142.053          4875.73       17584.8             1.7574e+06
   141.02           4533.75       16469.8             1.75886e+06
   140.059          4215.75       15423.2             1.76022e+06
   139.166          3920.06       14441               1.7615e+06
   138.335          3645.11       13519.4             1.7627e+06
   137.561          3389.44       12654.9             1.76382e+06
   136.841          3151.71       11844               1.76487e+06
   136.171          2930.65       11083.7             1.76585e+06
   135.547          2725.1        10370.9             1.76677e+06
   134.965          2533.96        9702.72            1.76763e+06
   134.424          2356.24        9076.49            1.76843e+06
   133.919          2190.98        8489.68            1.76919e+06
   133.449          2037.31        7939.9             1.76989e+06
   133.011          1894.42        7424.9             1.77055e+06
----------------  -------------  --------------  ----------------
